Time_s Vibration_signal_raw Trans_Laser_Power_mW
0.0 1.68 0.00174545454545
0.001 1.6 0.0016
0.002 1.56 0.00147692307692
0.003 1.76 0.00137142857143
0.004 1.84 0.00128
0.005 1.96 0.0012
0.006 1.72 0.00112941176471
0.007 1.88 0.00106666666667
0.008 1.68 0.00101052631579
0.009 1.72 0.00096
0.01 1.64 0.000914285714286
0.011 1.68 0.000914285714286
0.012 1.52 0.000914285714286
0.013 1.4 0.000914285714286
0.014 1.4 0.000914285714286
0.015 1.48 0.000914285714286
0.016 1.52 0.000914285714286
0.017 1.32 0.000914285714286
0.018 1.08 0.0
0.019 1.16 0.0
0.02 1.04 0.000914285714286
0.021 1.0 0.000914285714286
0.022 1.0 0.00182857142857
0.023 1.16 0.00274285714286
0.024 1.24 0.00457142857143
0.025 1.04 0.00731428571429
0.026 0.92 0.0118857142857
0.027 0.92 0.0173714285714
0.028 0.8 0.0256
0.029 1.12 0.0356571428571
0.03 0.96 0.0457142857143
0.031 0.84 0.0576
0.032 0.88 0.0704
0.033 1.0 0.0841142857143
0.034 0.8 0.0987428571429
0.035 1.0 0.116114285714
0.036 0.92 0.135314285714
0.037 0.92 0.155428571429
0.038 0.76 0.173714285714
0.039 0.72 0.194742857143
0.04 0.8 0.215771428571
0.041 0.84 0.235885714286
0.042 0.68 0.256
0.043 0.52 0.2752
0.044 0.6 0.295314285714
0.045 0.52 0.312685714286
0.046 0.8 0.329142857143
0.047 0.48 0.344685714286
0.048 0.64 0.3584
0.049 0.68 0.369371428571
0.05 0.52 0.380342857143
0.051 0.6 0.369371428571
0.052 0.56 0.375771428571
0.053 0.72 0.381257142857
0.054 0.68 0.387657142857
0.055 0.44 0.391314285714
0.056 0.36 0.393142857143
0.057 0.32 0.391314285714
0.058 0.44 0.392228571429
0.059 0.64 0.392228571429
0.06 0.44 0.391314285714
0.061 0.32 0.3904
0.062 0.6 0.388571428571
0.063 0.6 0.385828571429
0.064 0.28 0.384
0.065 0.6 0.381257142857
0.066 0.56 0.378514285714
0.067 0.56 0.379428571429
0.068 0.4 0.378514285714
0.069 0.44 0.379428571429
0.07 0.4 0.380342857143
0.071 0.52 0.378514285714
0.072 0.2 0.398628571429
0.073 0.28 0.399542857143
0.074 0.28 0.399542857143
0.075 0.16 0.398628571429
0.076 0.48 0.400457142857
0.077 0.16 0.399542857143
0.078 0.36 0.4032
0.079 0.16 0.400457142857
0.08 0.44 0.399542857143
0.081 0.12 0.398628571429
0.082 0.4 0.395885714286
0.083 0.44 0.394057142857
0.084 0.32 0.395885714286
0.085 0.2 0.395885714286
0.086 0.44 0.397714285714
0.087 0.4 0.401371428571
0.088 0.12 0.400457142857
0.089 0.36 0.400457142857
0.09 0.4 0.400457142857
0.091 0.36 0.399542857143
0.092 0.12 0.400457142857
0.093 0.4 0.399542857143
0.094 0.12 0.400457142857
0.095 0.2 0.400457142857
0.096 0.36 0.398628571429
0.097 0.4 0.397714285714
0.098 0.24 0.398628571429
0.099 0.08 0.3968
0.1 0.12 0.397714285714
0.101 0.04 0.400457142857
0.102 0.36 0.399542857143
0.103 0.24 0.4032
0.104 0.36 0.406857142857
0.105 0.04 0.405942857143
0.106 0.36 0.406857142857
0.107 0.32 0.404114285714
0.108 0.32 0.404114285714
0.109 0.08 0.4032
0.11 0.32 0.402285714286
0.111 0.0 0.401371428571
0.112 0.36 0.400457142857
0.113 0.28 0.397714285714
0.114 0.32 0.394971428571
0.115 0.12 0.391314285714
0.116 0.04 0.389485714286
0.117 0.04 0.3904
0.118 0.04 0.3904
0.119 0.32 0.392228571429
0.12 0.0 0.391314285714
0.121 0.36 0.391314285714
0.122 0.0 0.391314285714
0.123 0.28 0.392228571429
0.124 0.36 0.389485714286
0.125 0.28 0.388571428571
0.126 0.0 0.3904
0.127 0.32 0.3904
0.128 0.12 0.392228571429
0.129 0.28 0.391314285714
0.13 0.16 0.393142857143
0.131 0.12 0.392228571429
0.132 0.08 0.3904
0.133 0.24 0.3904
0.134 0.28 0.391314285714
0.135 0.0 0.394057142857
0.136 0.2 0.397714285714
0.137 0.04 0.400457142857
0.138 0.28 0.401371428571
0.139 0.0 0.4032
0.14 0.04 0.4032
0.141 0.08 0.405942857143
0.142 0.0 0.407771428571
0.143 0.28 0.406857142857
0.144 0.0 0.405942857143
0.145 0.24 0.404114285714
0.146 0.12 0.400457142857
0.147 0.24 0.399542857143
0.148 0.08 0.397714285714
0.149 0.28 0.3968
0.15 0.24 0.3968
0.151 0.2 0.3968
0.152 0.28 0.397714285714
0.153 0.0 0.398628571429
0.154 0.28 0.400457142857
0.155 0.0 0.401371428571
0.156 0.32 0.401371428571
0.157 0.16 0.399542857143
0.158 0.08 0.399542857143
0.159 0.2 0.400457142857
0.16 0.28 0.399542857143
0.161 0.04 0.397714285714
0.162 0.24 0.394057142857
0.163 0.16 0.391314285714
0.164 0.32 0.389485714286
0.165 0.0 0.385828571429
0.166 0.28 0.386742857143
0.167 0.2 0.386742857143
0.168 0.24 0.386742857143
0.169 0.28 0.388571428571
0.17 0.16 0.393142857143
0.171 0.12 0.394057142857
0.172 0.28 0.393142857143
0.173 -0.04 0.394971428571
0.174 0.2 0.3968
0.175 0.24 0.3968
0.176 0.08 0.3968
0.177 0.08 0.3968
0.178 0.24 0.397714285714
0.179 0.2 0.395885714286
0.18 -0.08 0.393142857143
0.181 0.08 0.3904
0.182 0.2 0.3904
0.183 0.24 0.3904
0.184 0.12 0.389485714286
0.185 0.16 0.391314285714
0.186 0.28 0.395885714286
0.187 -0.04 0.398628571429
0.188 0.24 0.401371428571
0.189 0.04 0.404114285714
0.19 0.28 0.405942857143
0.191 0.2 0.4032
0.192 0.2 0.4032
0.193 0.24 0.4032
0.194 0.0 0.402285714286
0.195 0.24 0.400457142857
0.196 -0.04 0.3968
0.197 0.0 0.394971428571
0.198 0.24 0.392228571429
0.199 -0.04 0.392228571429
0.2 0.08 0.392228571429
0.201 0.12 0.393142857143
0.202 0.0 0.395885714286
0.203 0.2 0.3968
0.204 0.08 0.398628571429
0.205 0.08 0.399542857143
0.206 0.2 0.398628571429
0.207 0.28 0.394971428571
0.208 0.2 0.387657142857
0.209 0.32 0.376685714286
0.21 0.16 0.3584
0.211 0.16 0.337371428571
0.212 0.2 0.317257142857
0.213 0.28 0.297142857143
0.214 0.16 0.278857142857
0.215 0.08 0.260571428571
0.216 0.28 0.242285714286
0.217 0.24 0.226742857143
0.218 0.24 0.209371428571
0.219 0.2 0.193828571429
0.22 0.32 0.174628571429
0.221 0.12 0.157257142857
0.222 0.44 0.138971428571
0.223 0.24 0.118857142857
0.224 0.08 0.0987428571429
0.225 0.16 0.0795428571429
0.226 0.36 0.0612571428571
0.227 0.36 0.0438857142857
0.228 0.4 0.0283428571429
0.229 1.36 0.0146285714286
0.23 1.32 0.0064
0.231 1.16 0.00274285714286
0.232 1.16 0.00274285714286
0.233 1.24 0.00274285714286
0.234 0.92 0.00182857142857
0.235 1.2 0.000914285714286
0.236 1.04 0.0
0.237 1.04 0.0
0.238 0.88 -0.000914285714286
0.239 0.84 -0.000914285714286
0.24 0.92 -0.000914285714286
0.241 1.12 -0.000914285714286
0.242 0.72 -0.000914285714286
0.243 1.0 -0.000914285714286
0.244 1.08 -0.00182857142857
0.245 1.04 -0.00182857142857
0.246 1.0 -0.00182857142857
0.247 0.76 -0.00182857142857
0.248 0.64 -0.00274285714286
0.249 0.8 -0.00274285714286
0.25 0.6 -0.00182857142857
0.251 0.76 -0.00182857142857
0.252 0.76 -0.00182857142857
0.253 0.88 -0.00182857142857
0.254 0.8 -0.000914285714286
0.255 0.48 0.0
0.256 0.8 -0.000914285714286
0.257 0.8 -0.000914285714286
0.258 0.56 -0.000914285714286
0.259 0.68 -0.00182857142857
0.26 0.64 -0.00182857142857
0.261 0.72 -0.00182857142857
0.262 0.52 -0.00182857142857
0.263 0.56 -0.00182857142857
0.264 0.68 -0.000914285714286
0.265 0.56 0.000914285714286
0.266 0.4 0.000914285714286
0.267 0.4 0.000914285714286
0.268 0.56 0.0
0.269 0.64 0.000914285714286
0.27 0.52 0.000914285714286
0.271 0.4 0.000914285714286
0.272 0.6 0.000914285714286
0.273 0.44 0.00182857142857
0.274 0.32 0.00182857142857
0.275 0.48 0.000914285714286
0.276 0.6 0.000914285714286
0.277 0.24 0.00274285714286
0.278 0.56 0.00274285714286
0.279 0.24 0.00274285714286
0.28 0.56 0.00365714285714
0.281 0.2 0.00365714285714
0.282 0.48 0.00457142857143
0.283 0.52 0.00457142857143
0.284 0.48 0.00457142857143
0.285 0.2 0.00365714285714
0.286 0.52 0.00365714285714
0.287 0.24 0.00365714285714
0.288 0.48 0.00365714285714
0.289 0.44 0.00457142857143
0.29 0.28 0.00365714285714
0.291 0.24 0.00365714285714
0.292 0.4 0.00457142857143
0.293 0.4 0.00457142857143
0.294 0.36 0.00365714285714
0.295 0.16 0.00365714285714
0.296 0.32 0.00365714285714
0.297 0.2 0.00365714285714
0.298 0.44 0.00274285714286
0.299 0.4 0.00182857142857
0.3 0.4 0.00182857142857
0.301 0.36 0.00182857142857
0.302 0.4 0.00182857142857
0.303 0.24 0.000914285714286
0.304 0.12 0.000914285714286
0.305 0.4 0.000914285714286
0.306 0.12 0.00182857142857
0.307 0.08 0.000914285714286
0.308 0.08 0.000914285714286
0.309 0.32 0.000914285714286
0.31 0.36 0.000914285714286
0.311 0.28 0.0
0.312 0.08 0.0
0.313 0.08 -0.000914285714286
0.314 0.28 -0.000914285714286
0.315 0.2 -0.000914285714286
0.316 0.36 -0.000914285714286
0.317 0.36 -0.000914285714286
0.318 0.36 -0.000914285714286
0.319 0.04 -0.000914285714286
0.32 0.36 0.0
0.321 0.08 0.0
0.322 0.36 0.0
0.323 0.28 0.0
0.324 0.2 0.0
0.325 0.24 0.0
0.326 0.36 0.0
0.327 0.0 -0.000914285714286
0.328 0.32 -0.000914285714286
0.329 0.04 -0.000914285714286
0.33 0.32 -0.000914285714286
0.331 0.16 -0.000914285714286
0.332 0.32 0.0
0.333 0.12 0.0
0.334 0.08 0.0
0.335 0.24 0.0
0.336 0.24 0.0
0.337 0.2 0.0
0.338 0.24 0.0
0.339 0.2 0.0
0.34 0.08 0.0
0.341 0.08 0.0
0.342 0.16 0.0
0.343 0.32 0.0
0.344 0.08 0.0
0.345 0.08 -0.000914285714286
0.346 0.32 -0.000914285714286
0.347 0.04 -0.000914285714286
0.348 0.28 -0.000914285714286
0.349 0.08 -0.000914285714286
0.35 -0.04 -0.000914285714286
0.351 0.0 -0.000914285714286
0.352 0.24 -0.000914285714286
0.353 0.24 -0.000914285714286
0.354 0.24 -0.000914285714286
0.355 0.16 -0.000914285714286
0.356 0.24 -0.000914285714286
0.357 0.12 -0.000914285714286
0.358 0.08 -0.000914285714286
0.359 0.24 -0.000914285714286
0.36 0.28 -0.000914285714286
0.361 0.16 -0.000914285714286
0.362 0.2 0.0
0.363 0.2 0.0
0.364 -0.04 0.0
0.365 0.28 0.000914285714286
0.366 0.0 0.00182857142857
0.367 -0.04 0.00182857142857
0.368 -0.04 0.00182857142857
0.369 0.12 0.00182857142857
0.37 0.28 0.000914285714286
0.371 0.12 0.000914285714286
0.372 0.2 0.000914285714286
0.373 0.2 0.000914285714286
0.374 0.08 0.000914285714286
0.375 0.0 0.00182857142857
0.376 0.2 0.00182857142857
0.377 0.12 0.00182857142857
0.378 0.24 0.00182857142857
0.379 0.24 0.00182857142857
0.38 0.04 0.00274285714286
0.381 0.28 0.00274285714286
0.382 0.04 0.00274285714286
0.383 0.0 0.00182857142857
0.384 -0.04 0.00182857142857
0.385 0.04 0.00182857142857
0.386 0.28 0.00182857142857
0.387 0.0 0.00182857142857
0.388 0.24 0.00274285714286
0.389 0.08 0.00365714285714
0.39 -0.08 0.00457142857143
0.391 0.08 0.00457142857143
0.392 0.0 0.00457142857143
0.393 0.28 0.00457142857143
0.394 0.04 0.00457142857143
0.395 0.28 0.00457142857143
0.396 0.24 0.00365714285714
0.397 0.24 0.00365714285714
0.398 0.04 0.00365714285714
0.399 0.04 0.00457142857143
0.4 0.24 0.00457142857143
0.401 0.08 0.00365714285714
0.402 0.0 0.00365714285714
0.403 0.28 0.00365714285714
0.404 0.16 0.00365714285714
0.405 0.12 0.00365714285714
0.406 0.28 0.00365714285714
0.407 0.24 0.00274285714286
0.408 0.28 0.00274285714286
0.409 0.2 0.00182857142857
0.41 0.04 0.000914285714286
0.411 0.16 0.000914285714286
0.412 0.32 0.00182857142857
0.413 0.4 0.00182857142857
0.414 0.72 0.00182857142857
0.415 0.92 0.00182857142857
0.416 1.92 0.000914285714286
0.417 1.8 0.000914285714286
0.418 1.96 0.000914285714286
0.419 2.0 0.000914285714286
0.42 1.68 0.0
0.421 1.92 0.0
0.422 1.8 0.0
0.423 1.88 0.0
0.424 1.72 0.0
0.425 1.56 0.0
0.426 1.68 0.0
0.427 1.72 -0.000914285714286
0.428 1.32 -0.000914285714286
0.429 1.32 -0.000914285714286
0.43 1.56 -0.000914285714286
0.431 1.56 -0.000914285714286
0.432 1.36 -0.00182857142857
0.433 1.32 -0.00182857142857
0.434 1.16 -0.00182857142857
0.435 1.24 -0.00182857142857
0.436 1.2 -0.00182857142857
0.437 1.04 0.0
0.438 1.12 0.000914285714286
0.439 1.24 0.00274285714286
0.44 1.16 0.00457142857143
0.441 1.12 0.00731428571429
0.442 0.92 0.0109714285714
0.443 0.84 0.0164571428571
0.444 0.88 0.0237714285714
0.445 1.12 0.0329142857143
0.446 0.92 0.0429714285714
0.447 1.08 0.0548571428571
0.448 1.04 0.0676571428571
0.449 1.0 0.0813714285714
0.45 0.72 0.0987428571429
0.451 1.0 0.1152
0.452 0.8 0.133485714286
0.453 0.68 0.151771428571
0.454 0.76 0.170057142857
0.455 0.6 0.189257142857
0.456 0.64 0.210285714286
0.457 0.76 0.2304
0.458 0.84 0.2496
0.459 0.76 0.269714285714
0.46 0.52 0.287085714286
0.461 0.48 0.304457142857
0.462 0.52 0.32
0.463 0.8 0.335542857143
0.464 0.52 0.348342857143
0.465 0.44 0.357485714286
0.466 0.4 0.365714285714
0.467 0.68 0.373942857143
0.468 0.56 0.380342857143
0.469 0.72 0.387657142857
0.47 0.64 0.394971428571
0.471 0.56 0.3968
0.472 0.36 0.401371428571
0.473 0.36 0.384
0.474 0.52 0.384914285714
0.475 0.64 0.387657142857
0.476 0.44 0.387657142857
0.477 0.32 0.385828571429
0.478 0.28 0.384914285714
0.479 0.56 0.382171428571
0.48 0.6 0.379428571429
0.481 0.44 0.3776
0.482 0.36 0.374857142857
0.483 0.44 0.374857142857
0.484 0.56 0.365714285714
0.485 0.24 0.367542857143
0.486 0.44 0.3712
0.487 0.52 0.373942857143
0.488 0.52 0.374857142857
0.489 0.44 0.3776
0.49 0.44 0.3776
0.491 0.52 0.3776
0.492 0.16 0.3776
0.493 0.48 0.375771428571
0.494 0.44 0.393142857143
0.495 0.44 0.393142857143
0.496 0.48 0.389485714286
0.497 0.2 0.387657142857
0.498 0.32 0.385828571429
0.499 0.44 0.384914285714
0.5 0.28 0.385828571429
0.501 0.2 0.385828571429
0.502 0.4 0.388571428571
0.503 0.44 0.391314285714
0.504 0.32 0.394057142857
0.505 0.12 0.404114285714
0.506 0.12 0.4032
0.507 0.12 0.402285714286
0.508 0.44 0.402285714286
0.509 0.12 0.386742857143
0.51 0.4 0.384914285714
0.511 0.4 0.384914285714
0.512 0.32 0.381257142857
0.513 0.2 0.380342857143
0.514 0.4 0.3776
0.515 0.32 0.375771428571
0.516 0.36 0.374857142857
0.517 0.36 0.374857142857
0.518 0.12 0.375771428571
0.519 0.24 0.3776
0.52 0.36 0.380342857143
0.521 0.32 0.382171428571
0.522 0.36 0.384
0.523 0.36 0.383085714286
0.524 0.12 0.383085714286
0.525 0.24 0.382171428571
0.526 0.2 0.380342857143
0.527 0.32 0.380342857143
0.528 0.36 0.378514285714
0.529 0.32 0.376685714286
0.53 0.28 0.3904
0.531 0.08 0.388571428571
0.532 0.0 0.385828571429
0.533 0.08 0.385828571429
0.534 0.32 0.386742857143
0.535 0.0 0.387657142857
0.536 0.24 0.389485714286
0.537 0.28 0.388571428571
0.538 0.24 0.3904
0.539 0.32 0.392228571429
0.54 0.2 0.391314285714
0.541 0.04 0.389485714286
0.542 0.36 0.389485714286
0.543 0.24 0.388571428571
0.544 0.12 0.3904
0.545 0.24 0.387657142857
0.546 0.36 0.384914285714
0.547 0.12 0.384914285714
0.548 0.0 0.381257142857
0.549 0.0 0.382171428571
0.55 -0.04 0.382171428571
0.551 0.32 0.383085714286
0.552 0.0 0.384
0.553 0.28 0.385828571429
0.554 0.32 0.386742857143
0.555 0.24 0.386742857143
0.556 0.16 0.386742857143
0.557 0.24 0.387657142857
0.558 0.28 0.3904
0.559 -0.04 0.391314285714
0.56 0.24 0.3904
0.561 0.28 0.392228571429
0.562 0.28 0.391314285714
0.563 0.04 0.389485714286
0.564 0.2 0.388571428571
0.565 -0.04 0.384914285714
0.566 0.0 0.387657142857
0.567 0.0 0.387657142857
0.568 0.24 0.384914285714
0.569 0.0 0.386742857143
0.57 0.24 0.385828571429
0.571 0.28 0.385828571429
0.572 0.12 0.385828571429
0.573 0.0 0.386742857143
0.574 0.16 0.389485714286
0.575 0.28 0.391314285714
0.576 0.0 0.392228571429
0.577 0.24 0.393142857143
0.578 0.28 0.394057142857
0.579 0.24 0.392228571429
0.58 0.16 0.3904
0.581 -0.04 0.386742857143
0.582 0.2 0.384
0.583 0.12 0.381257142857
0.584 -0.04 0.382171428571
0.585 0.28 0.381257142857
0.586 0.12 0.382171428571
0.587 0.0 0.380342857143
0.588 -0.04 0.381257142857
0.589 0.24 0.384
0.59 0.2 0.384914285714
0.591 0.0 0.386742857143
0.592 0.24 0.388571428571
0.593 -0.04 0.387657142857
0.594 0.2 0.388571428571
0.595 0.28 0.385828571429
0.596 -0.04 0.383085714286
0.597 0.2 0.373942857143
0.598 0.28 0.373942857143
0.599 0.32 0.3712
0.6 0.2 0.372114285714
0.601 0.16 0.372114285714
0.602 0.04 0.374857142857
0.603 0.24 0.374857142857
0.604 0.16 0.376685714286
0.605 0.24 0.375771428571
0.606 0.28 0.3776
0.607 0.08 0.378514285714
0.608 0.2 0.381257142857
0.609 -0.04 0.382171428571
0.61 0.12 0.382171428571
0.611 0.24 0.383085714286
0.612 0.08 0.382171428571
0.613 0.24 0.378514285714
0.614 0.28 0.378514285714
0.615 0.28 0.374857142857
0.616 0.12 0.374857142857
0.617 0.2 0.376685714286
0.618 -0.04 0.384914285714
0.619 0.04 0.384
0.62 0.0 0.384914285714
0.621 0.04 0.384914285714
0.622 0.12 0.382171428571
0.623 0.28 0.379428571429
0.624 -0.08 0.374857142857
0.625 0.24 0.366628571429
0.626 0.28 0.352914285714
0.627 0.28 0.334628571429
0.628 -0.04 0.316342857143
0.629 0.0 0.296228571429
0.63 0.28 0.277028571429
0.631 0.24 0.258742857143
0.632 0.08 0.239542857143
0.633 0.24 0.221257142857
0.634 -0.04 0.2048
0.635 -0.04 0.187428571429
0.636 0.0 0.170971428571
0.637 -0.04 0.152685714286
0.638 0.24 0.133485714286
0.639 -0.04 0.114285714286
0.64 0.32 0.0969142857143
0.641 0.68 0.0786285714286
0.642 0.56 0.0603428571429
0.643 0.64 0.0448
0.644 0.8 0.0292571428571
0.645 0.88 0.0155428571429
0.646 0.92 0.0064
0.647 0.6 0.00182857142857
0.648 0.92 0.000914285714286
0.649 0.8 0.0
0.65 0.76 0.000914285714286
0.651 0.84 0.000914285714286
0.652 1.0 0.000914285714286
0.653 0.68 0.000914285714286
0.654 0.76 0.000914285714286
0.655 0.88 0.000914285714286
0.656 0.6 0.000914285714286
0.657 0.56 0.000914285714286
0.658 0.56 0.000914285714286
0.659 0.76 0.00182857142857
0.66 0.84 0.00182857142857
0.661 0.6 0.00182857142857
0.662 0.48 0.00182857142857
0.663 0.8 0.000914285714286
0.664 0.76 0.000914285714286
0.665 0.64 0.000914285714286
0.666 0.44 0.00182857142857
0.667 0.44 0.00182857142857
0.668 0.52 0.00182857142857
0.669 0.72 0.00182857142857
0.67 0.48 0.00182857142857
0.671 0.44 0.000914285714286
0.672 0.68 0.000914285714286
0.673 0.44 0.000914285714286
0.674 0.36 0.000914285714286
0.675 0.4 0.000914285714286
0.676 0.64 0.000914285714286
0.677 0.36 0.000914285714286
0.678 0.64 0.000914285714286
0.679 0.36 0.000914285714286
0.68 0.32 0.0
0.681 0.48 0.0
0.682 0.24 0.0
0.683 0.36 0.0
0.684 0.28 0.0
0.685 0.32 0.0
0.686 0.56 0.000914285714286
0.687 0.32 0.000914285714286
0.688 0.48 0.000914285714286
0.689 0.48 0.000914285714286
0.69 0.32 0.000914285714286
0.691 0.32 0.000914285714286
0.692 0.44 0.000914285714286
0.693 0.44 0.000914285714286
0.694 0.44 0.000914285714286
0.695 0.2 0.000914285714286
0.696 0.4 0.000914285714286
0.697 0.44 0.000914285714286
0.698 0.28 0.000914285714286
0.699 0.12 0.000914285714286
0.7 0.24 0.000914285714286
0.701 0.16 0.000914285714286
0.702 0.4 0.000914285714286
0.703 0.16 0.000914285714286
0.704 0.48 0.000914285714286
0.705 0.16 0.000914285714286
0.706 0.32 0.000914285714286
0.707 0.4 0.0
0.708 0.32 0.0
0.709 0.16 0.0
0.71 0.44 0.0
0.711 0.2 0.0
0.712 0.08 0.000914285714286
0.713 0.44 0.000914285714286
0.714 0.2 0.0
0.715 0.4 0.000914285714286
0.716 0.24 0.00182857142857
0.717 0.28 0.00182857142857
0.718 0.36 0.00274285714286
0.719 0.16 0.00274285714286
0.72 0.36 0.00274285714286
0.721 0.16 0.00274285714286
0.722 0.32 0.00274285714286
0.723 0.36 0.00274285714286
0.724 0.36 0.00274285714286
0.725 0.36 0.00274285714286
0.726 0.04 0.00365714285714
0.727 0.36 0.00365714285714
0.728 0.12 0.00365714285714
0.729 0.16 0.00365714285714
0.73 0.32 0.00365714285714
0.731 0.16 0.00365714285714
0.732 0.08 0.00365714285714
0.733 0.16 0.00274285714286
0.734 0.08 0.00274285714286
0.735 0.2 0.00365714285714
0.736 0.28 0.00274285714286
0.737 0.32 0.00182857142857
0.738 0.08 0.00182857142857
0.739 0.12 0.000914285714286
0.74 0.28 0.000914285714286
0.741 0.16 0.000914285714286
0.742 0.04 0.000914285714286
0.743 0.32 0.000914285714286
0.744 0.16 0.000914285714286
0.745 0.0 0.000914285714286
0.746 0.24 0.000914285714286
0.747 0.2 0.0
0.748 0.24 0.0
0.749 0.0 0.0
0.75 0.0 0.0
0.751 0.0 0.0
0.752 0.2 0.0
0.753 0.16 0.0
0.754 0.32 0.000914285714286
0.755 0.0 0.000914285714286
0.756 0.28 0.000914285714286
0.757 0.32 0.000914285714286
0.758 0.28 0.000914285714286
0.759 0.28 0.00182857142857
0.76 0.0 0.00182857142857
0.761 0.28 0.00182857142857
0.762 0.28 0.00182857142857
0.763 0.24 0.00182857142857
0.764 -0.04 0.00182857142857
0.765 0.28 0.000914285714286
0.766 0.04 0.000914285714286
0.767 -0.04 0.00182857142857
0.768 0.0 0.000914285714286
0.769 0.24 0.00182857142857
0.77 0.04 0.00182857142857
0.771 0.32 0.00274285714286
0.772 -0.04 0.00365714285714
0.773 0.24 0.00365714285714
0.774 0.32 0.00365714285714
0.775 0.28 0.00274285714286
0.776 0.12 0.00365714285714
0.777 0.12 0.00365714285714
0.778 0.08 0.00365714285714
0.779 0.28 0.00457142857143
0.78 0.16 0.00365714285714
0.781 0.28 0.00365714285714
0.782 0.12 0.00365714285714
0.783 -0.04 0.00365714285714
0.784 -0.08 0.00457142857143
0.785 0.08 0.00548571428571
0.786 0.28 0.0064
0.787 0.0 0.00548571428571
0.788 0.24 0.00457142857143
0.789 0.12 0.00548571428571
0.79 -0.04 0.00457142857143
0.791 0.0 0.00457142857143
0.792 -0.04 0.00365714285714
0.793 0.24 0.00365714285714
0.794 0.0 0.00365714285714
0.795 0.28 0.00365714285714
0.796 0.12 0.00365714285714
0.797 0.08 0.00274285714286
0.798 0.24 0.00274285714286
0.799 0.16 0.00274285714286
0.8 0.08 0.00182857142857
0.801 0.08 0.00182857142857
0.802 0.24 0.00182857142857
0.803 -0.04 0.00182857142857
0.804 0.28 0.00182857142857
0.805 0.0 0.000914285714286
0.806 0.24 0.0
0.807 0.28 0.0
0.808 0.28 0.000914285714286
0.809 0.12 0.000914285714286
0.81 0.12 0.000914285714286
0.811 0.12 0.000914285714286
0.812 0.28 0.000914285714286
0.813 0.04 0.000914285714286
0.814 0.24 0.0
0.815 -0.04 0.0
0.816 0.24 0.0
0.817 0.24 0.0
0.818 0.24 0.0
0.819 -0.04 0.0
0.82 0.28 0.0
0.821 0.08 0.0
0.822 0.2 0.0
0.823 0.24 0.0
0.824 0.12 0.0
0.825 0.16 0.0
0.826 0.28 0.0
0.827 -0.04 0.0
0.828 0.24 0.0
0.829 0.12 0.0
0.83 -0.04 -0.000914285714286
0.831 0.8 -0.00182857142857
0.832 0.72 -0.00274285714286
0.833 1.4 -0.00274285714286
0.834 1.48 -0.00274285714286
0.835 1.56 -0.00274285714286
0.836 1.52 -0.00274285714286
0.837 1.16 -0.00274285714286
0.838 1.32 -0.00274285714286
0.839 1.68 -0.00274285714286
0.84 1.28 -0.00274285714286
0.841 1.6 -0.00274285714286
0.842 1.32 -0.00274285714286
0.843 1.44 -0.00274285714286
0.844 1.52 -0.00274285714286
0.845 1.6 -0.00274285714286
0.846 1.56 -0.00274285714286
0.847 1.48 -0.00274285714286
0.848 1.28 -0.00182857142857
0.849 1.24 -0.00182857142857
0.85 1.4 -0.00182857142857
0.851 1.4 0.0
0.852 1.24 0.000914285714286
0.853 1.04 0.00182857142857
0.854 1.04 0.00274285714286
0.855 1.28 0.00365714285714
0.856 1.24 0.00457142857143
0.857 1.16 0.0064
0.858 0.88 0.00914285714286
0.859 1.08 0.0128
0.86 1.16 0.0182857142857
0.861 1.12 0.0256
0.862 0.88 0.0338285714286
0.863 1.08 0.0438857142857
0.864 0.96 0.0548571428571
0.865 0.76 0.0667428571429
0.866 1.04 0.0813714285714
0.867 0.96 0.0987428571429
0.868 0.88 0.117028571429
0.869 0.84 0.136228571429
0.87 0.92 0.155428571429
0.871 0.6 0.177371428571
0.872 0.8 0.197485714286
0.873 0.84 0.2176
0.874 0.68 0.238628571429
0.875 0.52 0.259657142857
0.876 0.56 0.277028571429
0.877 0.48 0.295314285714
0.878 0.72 0.312685714286
0.879 0.8 0.328228571429
0.88 0.44 0.342857142857
0.881 0.6 0.356571428571
0.882 0.48 0.367542857143
0.883 0.52 0.379428571429
0.884 0.68 0.388571428571
0.885 0.6 0.398628571429
0.886 0.44 0.4096
0.887 0.44 0.417828571429
0.888 0.44 0.423314285714
0.889 0.4 0.426057142857
0.89 0.48 0.426971428571
0.891 0.64 0.430628571429
0.892 0.36 0.430628571429
0.893 0.48 0.430628571429
0.894 0.6 0.429714285714
0.895 0.56 0.426057142857
0.896 0.52 0.423314285714
0.897 0.24 0.423314285714
0.898 0.56 0.423314285714
0.899 0.6 0.4224
0.9 0.56 0.423314285714
0.901 0.4 0.424228571429
0.902 0.44 0.426057142857
0.903 0.28 0.430628571429
0.904 0.48 0.430628571429
0.905 0.48 0.432457142857
0.906 0.28 0.432457142857
0.907 0.2 0.430628571429
0.908 0.32 0.429714285714
0.909 0.48 0.426971428571
0.91 0.2 0.426057142857
0.911 0.36 0.426057142857
0.912 0.48 0.4224
0.913 0.4 0.419657142857
0.914 0.4 0.417828571429
0.915 0.36 0.417828571429
0.916 0.16 0.419657142857
0.917 0.12 0.417828571429
0.918 0.16 0.416914285714
0.919 0.4 0.419657142857
0.92 0.2 0.423314285714
0.921 0.44 0.424228571429
0.922 0.08 0.427885714286
0.923 0.36 0.427885714286
0.924 0.44 0.427885714286
0.925 0.44 0.4288
0.926 0.28 0.427885714286
0.927 0.28 0.426971428571
0.928 0.28 0.425142857143
0.929 0.36 0.421485714286
0.93 0.4 0.420571428571
0.931 0.36 0.418742857143
0.932 0.24 0.416
0.933 0.12 0.415085714286
0.934 0.16 0.414171428571
0.935 0.08 0.416
0.936 0.24 0.416
0.937 0.28 0.417828571429
0.938 0.28 0.419657142857
0.939 0.24 0.4224
0.94 0.36 0.417828571429
0.941 0.28 0.416914285714
0.942 0.32 0.416914285714
0.943 0.36 0.415085714286
0.944 0.0 0.413257142857
0.945 0.36 0.4096
0.946 0.08 0.405942857143
0.947 0.08 0.4032
0.948 0.28 0.401371428571
0.949 0.24 0.400457142857
0.95 0.32 0.401371428571
0.951 0.12 0.397714285714
0.952 0.08 0.400457142857
0.953 0.24 0.4032
0.954 0.32 0.405942857143
0.955 0.0 0.408685714286
0.956 0.24 0.407771428571
0.957 0.24 0.410514285714
0.958 0.28 0.410514285714
0.959 0.2 0.411428571429
0.96 0.16 0.411428571429
0.961 0.28 0.415085714286
0.962 0.16 0.413257142857
0.963 0.2 0.411428571429
0.964 0.16 0.4096
0.965 0.24 0.407771428571
0.966 0.28 0.406857142857
0.967 0.16 0.408685714286
0.968 0.0 0.4096
0.969 0.04 0.412342857143
0.97 0.0 0.415085714286
0.971 0.24 0.416914285714
0.972 0.32 0.424228571429
0.973 0.16 0.424228571429
0.974 0.24 0.424228571429
0.975 -0.04 0.424228571429
0.976 0.0 0.424228571429
0.977 0.0 0.425142857143
0.978 0.2 0.4224
0.979 0.28 0.420571428571
0.98 0.2 0.418742857143
0.981 0.24 0.416
0.982 0.28 0.412342857143
0.983 -0.04 0.413257142857
0.984 0.28 0.412342857143
0.985 0.28 0.413257142857
0.986 0.28 0.416914285714
0.987 0.28 0.420571428571
0.988 -0.04 0.427885714286
0.989 0.08 0.4288
0.99 0.32 0.429714285714
0.991 0.04 0.431542857143
0.992 0.0 0.431542857143
0.993 0.08 0.429714285714
0.994 0.04 0.4288
0.995 0.16 0.426971428571
0.996 0.2 0.425142857143
0.997 0.32 0.423314285714
0.998 0.28 0.421485714286
0.999 0.16 0.423314285714
1.0 0.08 0.423314285714
1.001 0.04 0.425142857143
1.002 0.16 0.4288
1.003 0.16 0.432457142857
1.004 -0.04 0.4352
1.005 0.08 0.438857142857
1.006 0.24 0.438857142857
1.007 0.08 0.437942857143
1.008 0.28 0.437028571429
1.009 0.24 0.431542857143
1.01 0.2 0.432457142857
1.011 0.24 0.431542857143
1.012 0.08 0.427885714286
1.013 0.24 0.426057142857
1.014 0.12 0.424228571429
1.015 0.28 0.421485714286
1.016 0.16 0.421485714286
1.017 0.2 0.419657142857
1.018 0.0 0.417828571429
1.019 0.0 0.420571428571
1.02 0.16 0.417828571429
1.021 0.28 0.419657142857
1.022 0.16 0.420571428571
1.023 0.0 0.420571428571
1.024 0.28 0.421485714286
1.025 0.2 0.419657142857
1.026 0.12 0.419657142857
1.027 0.16 0.421485714286
1.028 0.28 0.423314285714
1.029 -0.08 0.421485714286
1.03 0.24 0.418742857143
1.031 0.16 0.416
1.032 -0.08 0.412342857143
1.033 0.28 0.413257142857
1.034 0.0 0.411428571429
1.035 -0.04 0.413257142857
1.036 -0.08 0.416
1.037 0.08 0.415085714286
1.038 0.28 0.416
1.039 0.28 0.416
1.04 -0.04 0.410514285714
1.041 0.24 0.404114285714
1.042 0.2 0.392228571429
1.043 0.12 0.374857142857
1.044 0.2 0.354742857143
1.045 0.24 0.3328
1.046 0.2 0.311771428571
1.047 0.04 0.290742857143
1.048 0.2 0.2688
1.049 0.12 0.246857142857
1.05 0.0 0.228571428571
1.051 0.28 0.210285714286
1.052 -0.04 0.192914285714
1.053 0.24 0.175542857143
1.054 0.12 0.155428571429
1.055 0.4 0.138057142857
1.056 0.4 0.117942857143
1.057 0.24 0.0978285714286
1.058 0.44 0.0804571428571
1.059 0.24 0.0621714285714
1.06 0.24 0.0448
1.061 0.32 0.0283428571429
1.062 0.44 0.0155428571429
1.063 0.56 0.0064
1.064 0.76 0.00274285714286
1.065 0.52 0.00182857142857
1.066 0.76 0.00182857142857
1.067 0.48 0.00182857142857
1.068 0.8 0.00182857142857
1.069 0.8 0.00274285714286
1.07 0.76 0.00274285714286
1.071 0.64 0.00182857142857
1.072 0.44 0.00182857142857
1.073 0.68 0.00182857142857
1.074 0.56 0.00182857142857
1.075 0.64 0.00182857142857
1.076 0.6 0.00182857142857
1.077 0.64 0.000914285714286
1.078 0.8 0.000914285714286
1.079 0.56 0.0
1.08 0.76 -0.000914285714286
1.081 0.76 -0.000914285714286
1.082 0.72 -0.000914285714286
1.083 0.36 0.0
1.084 0.68 0.0
1.085 0.44 0.0
1.086 0.4 0.0
1.087 0.44 0.0
1.088 0.56 0.0
1.089 0.64 -0.000914285714286
1.09 0.6 -0.00274285714286
1.091 0.32 -0.00274285714286
1.092 0.56 -0.00274285714286
1.093 0.6 -0.00365714285714
1.094 0.56 -0.00274285714286
1.095 0.6 -0.00274285714286
1.096 0.56 -0.00274285714286
1.097 0.56 -0.00274285714286
1.098 0.56 -0.00274285714286
1.099 0.56 -0.00274285714286
1.1 0.2 -0.00274285714286
1.101 0.52 -0.00182857142857
1.102 0.36 -0.00274285714286
1.103 0.16 -0.00274285714286
1.104 0.24 -0.00274285714286
1.105 0.24 -0.00274285714286
1.106 0.32 -0.00274285714286
1.107 0.44 -0.00274285714286
1.108 0.2 -0.00274285714286
1.109 0.44 -0.00274285714286
1.11 0.44 -0.00182857142857
1.111 0.4 -0.000914285714286
1.112 0.44 -0.000914285714286
1.113 0.24 -0.000914285714286
1.114 0.44 0.000914285714286
1.115 0.44 -0.000914285714286
1.116 0.44 -0.000914285714286
1.117 0.2 -0.000914285714286
1.118 0.36 -0.000914285714286
1.119 0.12 -0.000914285714286
1.12 0.12 -0.000914285714286
1.121 0.12 -0.00182857142857
1.122 0.2 -0.00182857142857
1.123 0.2 -0.000914285714286
1.124 0.12 -0.00182857142857
1.125 0.36 -0.00182857142857
1.126 0.04 -0.00274285714286
1.127 0.24 -0.00274285714286
1.128 0.24 -0.00274285714286
1.129 0.16 -0.00274285714286
1.13 0.36 -0.00274285714286
1.131 0.16 -0.00274285714286
1.132 0.04 -0.00182857142857
1.133 0.12 -0.00182857142857
1.134 0.36 -0.00182857142857
1.135 0.04 -0.00274285714286
1.136 0.36 -0.00182857142857
1.137 0.36 -0.00182857142857
1.138 0.36 -0.00274285714286
1.139 0.36 -0.00274285714286
1.14 0.36 -0.00274285714286
1.141 0.08 -0.00274285714286
1.142 0.32 -0.000914285714286
1.143 0.0 0.0
1.144 0.0 0.0
1.145 0.08 0.000914285714286
1.146 0.2 0.0
1.147 0.24 0.000914285714286
1.148 0.36 0.000914285714286
1.149 0.32 0.000914285714286
1.15 0.32 0.000914285714286
1.151 0.04 0.000914285714286
1.152 0.32 0.000914285714286
1.153 0.08 0.0
1.154 -0.04 0.0
1.155 0.12 0.0
1.156 0.36 0.0
1.157 0.32 0.000914285714286
1.158 0.08 0.000914285714286
1.159 0.12 0.00182857142857
1.16 0.2 0.00182857142857
1.161 0.32 0.00182857142857
1.162 0.32 0.00182857142857
1.163 0.24 0.000914285714286
1.164 0.2 0.0
1.165 0.04 0.0
1.166 0.16 0.0
1.167 0.04 0.000914285714286
1.168 0.08 0.000914285714286
1.169 0.28 0.000914285714286
1.17 0.24 0.0
1.171 0.12 0.000914285714286
1.172 0.0 0.000914285714286
1.173 0.16 0.000914285714286
1.174 0.16 0.000914285714286
1.175 -0.04 0.00182857142857
1.176 0.28 0.000914285714286
1.177 0.0 0.000914285714286
1.178 0.0 0.0
1.179 0.12 0.000914285714286
1.18 0.24 0.000914285714286
1.181 0.08 0.000914285714286
1.182 0.28 0.000914285714286
1.183 0.28 0.00182857142857
1.184 0.24 0.00182857142857
1.185 -0.04 0.00182857142857
1.186 0.28 0.00182857142857
1.187 0.24 0.00182857142857
1.188 0.12 0.00182857142857
1.189 -0.04 0.00182857142857
1.19 0.0 0.00182857142857
1.191 -0.04 0.00274285714286
1.192 0.12 0.00182857142857
1.193 0.2 0.00182857142857
1.194 0.24 0.00182857142857
1.195 0.16 0.00182857142857
1.196 -0.04 0.000914285714286
1.197 0.0 0.00182857142857
1.198 0.28 0.00182857142857
1.199 0.24 0.00182857142857
1.2 0.24 0.00182857142857
1.201 0.28 0.00182857142857
1.202 -0.04 0.00274285714286
1.203 0.28 0.00274285714286
1.204 0.16 0.00182857142857
1.205 0.0 0.00182857142857
1.206 0.08 0.00182857142857
1.207 0.16 0.00182857142857
1.208 -0.04 0.00182857142857
1.209 0.16 0.00182857142857
1.21 0.12 0.00182857142857
1.211 0.28 0.00182857142857
1.212 0.24 0.00182857142857
1.213 0.24 0.00274285714286
1.214 0.08 0.00182857142857
1.215 0.08 0.00274285714286
1.216 0.24 0.00274285714286
1.217 0.16 0.00274285714286
1.218 -0.08 0.00274285714286
1.219 0.28 0.00274285714286
1.22 0.0 0.00182857142857
1.221 -0.04 0.000914285714286
1.222 0.28 0.000914285714286
1.223 0.28 0.0
1.224 0.28 0.0
1.225 0.28 0.0
1.226 -0.04 0.0
1.227 0.28 -0.000914285714286
1.228 0.12 -0.000914285714286
1.229 0.04 -0.000914285714286
1.23 0.2 -0.000914285714286
1.231 0.08 -0.000914285714286
1.232 -0.08 -0.000914285714286
1.233 -0.08 -0.000914285714286
1.234 0.04 -0.00182857142857
1.235 0.28 -0.000914285714286
1.236 -0.04 -0.00274285714286
1.237 0.04 -0.00274285714286
1.238 0.24 -0.00274285714286
1.239 0.24 -0.00274285714286
1.24 0.2 -0.00274285714286
1.241 0.24 -0.00182857142857
1.242 0.12 -0.00182857142857
1.243 0.2 -0.00182857142857
1.244 -0.08 -0.00182857142857
1.245 0.0 -0.00182857142857
1.246 0.2 -0.00182857142857
1.247 0.24 -0.00182857142857
1.248 0.92 -0.000914285714286
1.249 0.92 -0.00182857142857
1.25 2.48 -0.00182857142857
1.251 2.08 -0.00182857142857
1.252 2.36 -0.00182857142857
1.253 1.96 -0.00182857142857
1.254 1.92 -0.00182857142857
1.255 2.12 -0.00274285714286
1.256 1.88 -0.00274285714286
1.257 1.76 -0.00274285714286
1.258 1.88 -0.00274285714286
1.259 1.64 -0.00274285714286
1.26 1.8 -0.00365714285714
1.261 1.8 -0.00365714285714
1.262 1.76 -0.00365714285714
1.263 1.64 -0.00365714285714
1.264 1.72 -0.00365714285714
1.265 1.6 -0.00365714285714
1.266 1.52 -0.00365714285714
1.267 1.36 -0.00365714285714
1.268 1.52 -0.00365714285714
1.269 1.52 -0.00365714285714
1.27 1.28 -0.00274285714286
1.271 1.36 -0.00182857142857
1.272 1.4 -0.000914285714286
1.273 1.36 0.000914285714286
1.274 1.16 0.00365714285714
1.275 1.2 0.00731428571429
1.276 1.28 0.0137142857143
1.277 1.28 0.0219428571429
1.278 1.04 0.032
1.279 1.04 0.0429714285714
1.28 1.0 0.0557714285714
1.281 0.88 0.0694857142857
1.282 1.04 0.0859428571429
1.283 1.16 0.103314285714
1.284 0.88 0.1216
1.285 0.76 0.1408
1.286 0.84 0.16
1.287 0.68 0.180114285714
1.288 0.84 0.202057142857
1.289 0.92 0.222171428571
1.29 1.0 0.244114285714
1.291 0.64 0.265142857143
1.292 0.88 0.284342857143
1.293 0.92 0.304457142857
1.294 0.88 0.323657142857
1.295 0.6 0.341942857143
1.296 0.56 0.357485714286
1.297 0.8 0.370285714286
1.298 0.84 0.379428571429
1.299 0.8 0.389485714286
1.3 0.52 0.397714285714
1.301 0.8 0.404114285714
1.302 0.8 0.411428571429
1.303 0.76 0.415085714286
1.304 0.72 0.417828571429
1.305 0.44 0.421485714286
1.306 0.4 0.421485714286
1.307 0.68 0.424228571429
1.308 0.44 0.426057142857
1.309 0.64 0.423314285714
1.31 0.68 0.425142857143
1.311 0.64 0.424228571429
1.312 0.36 0.421485714286
1.313 0.6 0.419657142857
1.314 0.6 0.417828571429
1.315 0.56 0.416914285714
1.316 0.28 0.415085714286
1.317 0.56 0.415085714286
1.318 0.28 0.416914285714
1.319 0.32 0.419657142857
1.32 0.32 0.421485714286
1.321 0.24 0.4224
1.322 0.36 0.424228571429
1.323 0.56 0.421485714286
1.324 0.44 0.423314285714
1.325 0.48 0.423314285714
1.326 0.32 0.420571428571
1.327 0.24 0.423314285714
1.328 0.4 0.420571428571
1.329 0.52 0.417828571429
1.33 0.48 0.417828571429
1.331 0.52 0.415085714286
1.332 0.44 0.413257142857
1.333 0.12 0.414171428571
1.334 0.48 0.414171428571
1.335 0.32 0.416
1.336 0.24 0.414171428571
1.337 0.32 0.414171428571
1.338 0.44 0.418742857143
1.339 0.44 0.418742857143
1.34 0.24 0.419657142857
1.341 0.4 0.4224
1.342 0.08 0.421485714286
1.343 0.16 0.421485714286
1.344 0.12 0.424228571429
1.345 0.16 0.420571428571
1.346 0.36 0.418742857143
1.347 0.4 0.418742857143
1.348 0.4 0.416
1.349 0.36 0.417828571429
1.35 0.08 0.419657142857
1.351 0.44 0.421485714286
1.352 0.28 0.424228571429
1.353 0.2 0.424228571429
1.354 0.28 0.425142857143
1.355 0.4 0.4288
1.356 0.36 0.427885714286
1.357 0.36 0.430628571429
1.358 0.04 0.433371428571
1.359 0.36 0.431542857143
1.36 0.36 0.432457142857
1.361 0.36 0.432457142857
1.362 0.36 0.4288
1.363 0.32 0.429714285714
1.364 0.28 0.427885714286
1.365 0.16 0.427885714286
1.366 0.32 0.427885714286
1.367 0.36 0.4288
1.368 0.24 0.424228571429
1.369 0.0 0.426057142857
1.37 0.0 0.425142857143
1.371 0.08 0.426057142857
1.372 0.12 0.425142857143
1.373 0.28 0.4224
1.374 0.32 0.424228571429
1.375 0.12 0.423314285714
1.376 0.2 0.421485714286
1.377 0.28 0.421485714286
1.378 0.28 0.419657142857
1.379 0.0 0.416914285714
1.38 0.04 0.416
1.381 0.04 0.412342857143
1.382 0.0 0.411428571429
1.383 0.2 0.411428571429
1.384 0.12 0.4096
1.385 0.32 0.410514285714
1.386 0.28 0.410514285714
1.387 0.32 0.412342857143
1.388 0.24 0.412342857143
1.389 0.0 0.419657142857
1.39 0.0 0.417828571429
1.391 0.32 0.416914285714
1.392 0.12 0.416
1.393 0.0 0.415085714286
1.394 0.04 0.416914285714
1.395 0.24 0.416
1.396 0.32 0.416914285714
1.397 0.0 0.415085714286
1.398 0.12 0.413257142857
1.399 0.24 0.415085714286
1.4 0.2 0.416
1.401 0.24 0.415085714286
1.402 0.12 0.417828571429
1.403 0.08 0.418742857143
1.404 0.28 0.420571428571
1.405 0.28 0.423314285714
1.406 0.04 0.426057142857
1.407 0.24 0.426971428571
1.408 0.08 0.426057142857
1.409 0.24 0.427885714286
1.41 0.28 0.426971428571
1.411 0.08 0.4288
1.412 0.08 0.429714285714
1.413 0.04 0.429714285714
1.414 0.12 0.429714285714
1.415 0.16 0.427885714286
1.416 0.28 0.426971428571
1.417 0.04 0.426971428571
1.418 0.04 0.430628571429
1.419 0.16 0.433371428571
1.42 0.08 0.432457142857
1.421 0.0 0.4352
1.422 0.24 0.437028571429
1.423 0.28 0.437942857143
1.424 -0.08 0.437942857143
1.425 0.24 0.436114285714
1.426 0.28 0.437942857143
1.427 0.24 0.4352
1.428 0.08 0.433371428571
1.429 0.2 0.433371428571
1.43 0.28 0.431542857143
1.431 0.32 0.429714285714
1.432 0.2 0.427885714286
1.433 0.04 0.426057142857
1.434 0.2 0.425142857143
1.435 0.32 0.426971428571
1.436 0.28 0.427885714286
1.437 0.24 0.427885714286
1.438 -0.04 0.429714285714
1.439 0.12 0.429714285714
1.44 0.28 0.429714285714
1.441 0.12 0.432457142857
1.442 -0.04 0.430628571429
1.443 -0.08 0.427885714286
1.444 0.04 0.426971428571
1.445 0.24 0.423314285714
1.446 0.2 0.423314285714
1.447 0.24 0.418742857143
1.448 0.28 0.416914285714
1.449 0.2 0.416914285714
1.45 0.12 0.417828571429
1.451 0.0 0.419657142857
1.452 0.08 0.421485714286
1.453 0.04 0.423314285714
1.454 0.04 0.426057142857
1.455 0.24 0.426971428571
1.456 0.28 0.423314285714
1.457 -0.04 0.417828571429
1.458 0.24 0.408685714286
1.459 0.2 0.392228571429
1.46 0.12 0.372114285714
1.461 0.24 0.352
1.462 0.12 0.329142857143
1.463 0.2 0.309028571429
1.464 0.08 0.289828571429
1.465 0.0 0.269714285714
1.466 0.08 0.252342857143
1.467 0.28 0.231314285714
1.468 -0.08 0.213028571429
1.469 0.08 0.194742857143
1.47 -0.04 0.175542857143
1.471 0.28 0.156342857143
1.472 0.28 0.135314285714
1.473 0.6 0.114285714286
1.474 0.72 0.0941714285714
1.475 0.76 0.0722285714286
1.476 1.08 0.0512
1.477 1.04 0.0338285714286
1.478 1.0 0.0192
1.479 0.76 0.00914285714286
1.48 0.84 0.00457142857143
1.481 0.88 0.00182857142857
1.482 0.88 0.000914285714286
1.483 0.8 0.000914285714286
1.484 0.88 0.0
1.485 0.72 0.0
1.486 0.8 0.0
1.487 0.88 0.0
1.488 0.92 0.000914285714286
1.489 0.56 0.00182857142857
1.49 0.8 0.00182857142857
1.491 0.88 0.00182857142857
1.492 0.84 0.000914285714286
1.493 0.6 0.0
1.494 0.76 0.0
1.495 0.44 -0.000914285714286
1.496 0.8 0.0
1.497 0.76 0.0
1.498 0.44 0.0
1.499 0.68 0.0
1.5 0.76 0.0
1.501 0.72 -0.000914285714286
1.502 0.68 0.0
1.503 0.36 0.0
1.504 0.68 0.0
1.505 0.56 0.0
1.506 0.44 0.0
1.507 0.68 0.0
1.508 0.64 0.0
1.509 0.6 0.0
1.51 0.32 -0.00182857142857
1.511 0.6 -0.00182857142857
1.512 0.28 -0.00182857142857
1.513 0.56 -0.00182857142857
1.514 0.24 -0.000914285714286
1.515 0.56 -0.000914285714286
1.516 0.36 -0.000914285714286
1.517 0.24 -0.000914285714286
1.518 0.24 -0.000914285714286
1.519 0.44 -0.000914285714286
1.52 0.48 -0.000914285714286
1.521 0.44 -0.000914285714286
1.522 0.32 -0.000914285714286
1.523 0.48 -0.000914285714286
1.524 0.4 0.0
1.525 0.44 0.0
1.526 0.44 0.000914285714286
1.527 0.24 0.000914285714286
1.528 0.48 0.000914285714286
1.529 0.32 0.000914285714286
1.53 0.12 0.00182857142857
1.531 0.32 0.00182857142857
1.532 0.44 0.00274285714286
1.533 0.4 0.00274285714286
1.534 0.32 0.00274285714286
1.535 0.36 0.00274285714286
1.536 0.44 0.00274285714286
1.537 0.12 0.00274285714286
1.538 0.4 0.00274285714286
1.539 0.16 0.00274285714286
1.54 0.32 0.00274285714286
1.541 0.4 0.00274285714286
1.542 0.4 0.00274285714286
1.543 0.28 0.00274285714286
1.544 0.16 0.00274285714286
1.545 0.36 0.000914285714286
1.546 0.36 0.000914285714286
1.547 0.36 0.0
1.548 0.4 0.000914285714286
1.549 0.12 0.000914285714286
1.55 0.32 0.000914285714286
1.551 0.4 0.0
1.552 0.36 0.000914285714286
1.553 0.16 0.0
1.554 0.24 0.0
1.555 0.36 0.0
1.556 0.04 0.000914285714286
1.557 0.36 0.000914285714286
1.558 0.16 0.000914285714286
1.559 0.08 0.000914285714286
1.56 0.2 0.000914285714286
1.561 0.36 0.000914285714286
1.562 0.08 0.000914285714286
1.563 0.0 0.000914285714286
1.564 0.24 0.000914285714286
1.565 0.32 0.000914285714286
1.566 0.2 0.00182857142857
1.567 0.32 0.00182857142857
1.568 0.08 0.00182857142857
1.569 0.08 0.000914285714286
1.57 0.24 0.000914285714286
1.571 0.32 0.000914285714286
1.572 0.0 0.000914285714286
1.573 0.16 0.000914285714286
1.574 0.16 0.000914285714286
1.575 0.32 0.000914285714286
1.576 0.28 0.000914285714286
1.577 0.28 0.0
1.578 0.28 0.0
1.579 0.16 0.0
1.58 0.24 0.0
1.581 0.16 0.0
1.582 0.0 0.0
1.583 0.32 0.0
1.584 0.08 0.0
1.585 0.0 0.000914285714286
1.586 -0.04 0.000914285714286
1.587 0.2 0.000914285714286
1.588 0.32 0.000914285714286
1.589 0.04 0.00182857142857
1.59 0.24 0.00182857142857
1.591 0.04 0.00182857142857
1.592 0.28 0.00182857142857
1.593 0.28 0.00182857142857
1.594 0.0 0.000914285714286
1.595 0.08 0.000914285714286
1.596 0.28 0.000914285714286
1.597 0.32 0.000914285714286
1.598 0.28 0.000914285714286
1.599 0.12 0.00182857142857
1.6 0.2 0.00182857142857
1.601 -0.04 0.00182857142857
1.602 -0.04 0.00274285714286
1.603 0.0 0.00274285714286
1.604 0.24 0.00274285714286
1.605 0.28 0.00274285714286
1.606 -0.04 0.00182857142857
1.607 0.28 0.00182857142857
1.608 0.0 0.00182857142857
1.609 0.0 0.00182857142857
1.61 -0.04 0.000914285714286
1.611 0.16 0.000914285714286
1.612 0.24 0.000914285714286
1.613 0.04 0.000914285714286
1.614 0.12 0.000914285714286
1.615 0.28 0.00182857142857
1.616 0.12 0.00182857142857
1.617 0.28 0.00182857142857
1.618 0.16 0.00274285714286
1.619 0.2 0.00365714285714
1.62 0.32 0.00274285714286
1.621 -0.04 0.00274285714286
1.622 0.24 0.00274285714286
1.623 0.24 0.00182857142857
1.624 0.2 0.00182857142857
1.625 0.0 0.00182857142857
1.626 0.04 0.00182857142857
1.627 0.16 0.00182857142857
1.628 0.24 0.00182857142857
1.629 0.08 0.00182857142857
1.63 -0.08 0.00182857142857
1.631 0.0 0.00182857142857
1.632 0.28 0.00182857142857
1.633 -0.08 0.00182857142857
1.634 0.16 0.00182857142857
1.635 0.2 0.00182857142857
1.636 0.0 0.00182857142857
1.637 0.08 0.00182857142857
1.638 0.24 0.00182857142857
1.639 -0.04 0.000914285714286
1.64 0.28 0.0
1.641 0.12 0.0
1.642 0.0 0.0
1.643 0.08 0.0
1.644 0.28 -0.000914285714286
1.645 0.0 -0.000914285714286
1.646 0.28 -0.000914285714286
1.647 0.28 -0.000914285714286
1.648 0.28 -0.000914285714286
1.649 0.0 0.0
1.65 0.24 0.0
1.651 0.0 0.0
1.652 -0.04 0.0
1.653 0.04 0.0
1.654 0.2 0.0
1.655 0.12 0.0
1.656 -0.08 0.0
1.657 0.24 0.0
1.658 -0.08 0.0
1.659 0.0 0.0
1.66 0.0 0.0
1.661 -0.04 0.0
1.662 0.24 -0.000914285714286
1.663 0.32 -0.000914285714286
1.664 0.68 -0.000914285714286
1.665 1.0 0.0
1.666 0.92 0.0
1.667 2.36 -0.000914285714286
1.668 2.4 -0.00182857142857
1.669 2.32 -0.00182857142857
1.67 2.24 -0.00365714285714
1.671 1.88 -0.00365714285714
1.672 1.88 -0.00457142857143
1.673 1.96 -0.00457142857143
1.674 1.96 -0.00457142857143
1.675 1.68 -0.00457142857143
1.676 1.6 -0.00457142857143
1.677 1.84 -0.00548571428571
1.678 1.8 -0.0064
1.679 1.8 -0.0064
1.68 1.52 -0.0064
1.681 1.72 -0.00731428571429
1.682 1.64 -0.0064
1.683 1.6 -0.00548571428571
1.684 1.56 -0.0064
1.685 1.28 -0.00548571428571
1.686 1.48 -0.00548571428571
1.687 1.44 -0.00548571428571
1.688 1.28 -0.00365714285714
1.689 1.12 -0.000914285714286
1.69 1.24 0.000914285714286
1.691 1.2 0.00548571428571
1.692 1.0 0.0100571428571
1.693 1.28 0.0164571428571
1.694 0.92 0.0246857142857
1.695 1.16 0.0338285714286
1.696 1.2 0.0448
1.697 0.92 0.0576
1.698 1.04 0.0713142857143
1.699 0.8 0.0850285714286
1.7 0.96 0.100571428571
1.701 0.84 0.117942857143
1.702 0.76 0.137142857143
1.703 1.04 0.157257142857
1.704 0.76 0.176457142857
1.705 0.76 0.1984
1.706 1.0 0.216685714286
1.707 0.8 0.237714285714
1.708 0.68 0.256
1.709 0.84 0.2752
1.71 0.88 0.293485714286
1.711 0.64 0.309942857143
1.712 0.64 0.321828571429
1.713 0.76 0.334628571429
1.714 0.48 0.347428571429
1.715 0.76 0.356571428571
1.716 0.52 0.3648
1.717 0.68 0.372114285714
1.718 0.72 0.378514285714
1.719 0.48 0.385828571429
1.72 0.52 0.392228571429
1.721 0.68 0.397714285714
1.722 0.56 0.401371428571
1.723 0.64 0.404114285714
1.724 0.68 0.405028571429
1.725 0.56 0.406857142857
1.726 0.6 0.405942857143
1.727 0.68 0.405028571429
1.728 0.32 0.401371428571
1.729 0.64 0.402285714286
1.73 0.6 0.400457142857
1.731 0.56 0.3968
1.732 0.32 0.3968
1.733 0.56 0.398628571429
1.734 0.56 0.399542857143
1.735 0.56 0.399542857143
1.736 0.56 0.400457142857
1.737 0.24 0.4032
1.738 0.52 0.405942857143
1.739 0.4 0.407771428571
1.74 0.44 0.407771428571
1.741 0.2 0.4096
1.742 0.36 0.407771428571
1.743 0.28 0.405942857143
1.744 0.24 0.4032
1.745 0.52 0.400457142857
1.746 0.2 0.398628571429
1.747 0.24 0.397714285714
1.748 0.32 0.398628571429
1.749 0.48 0.400457142857
1.75 0.16 0.398628571429
1.751 0.44 0.398628571429
1.752 0.44 0.402285714286
1.753 0.44 0.4032
1.754 0.44 0.405028571429
1.755 0.2 0.407771428571
1.756 0.32 0.411428571429
1.757 0.4 0.414171428571
1.758 0.2 0.413257142857
1.759 0.16 0.411428571429
1.76 0.24 0.410514285714
1.761 0.16 0.4096
1.762 0.24 0.407771428571
1.763 0.36 0.406857142857
1.764 0.4 0.404114285714
1.765 0.4 0.405028571429
1.766 0.16 0.4032
1.767 0.32 0.4032
1.768 0.12 0.4032
1.769 0.28 0.404114285714
1.77 0.24 0.404114285714
1.771 0.08 0.406857142857
1.772 0.2 0.408685714286
1.773 0.36 0.407771428571
1.774 0.32 0.408685714286
1.775 0.28 0.410514285714
1.776 0.08 0.410514285714
1.777 0.04 0.4096
1.778 0.12 0.406857142857
1.779 0.36 0.405942857143
1.78 0.12 0.404114285714
1.781 0.0 0.401371428571
1.782 0.0 0.400457142857
1.783 0.28 0.400457142857
1.784 0.2 0.399542857143
1.785 0.36 0.402285714286
1.786 0.16 0.402285714286
1.787 0.2 0.404114285714
1.788 0.36 0.405028571429
1.789 0.36 0.405942857143
1.79 0.16 0.405942857143
1.791 0.16 0.407771428571
1.792 0.04 0.394971428571
1.793 0.24 0.394971428571
1.794 0.16 0.3968
1.795 0.0 0.395885714286
1.796 0.24 0.394057142857
1.797 0.24 0.392228571429
1.798 0.2 0.389485714286
1.799 0.32 0.388571428571
1.8 0.12 0.387657142857
1.801 0.28 0.3904
1.802 0.08 0.394057142857
1.803 0.0 0.395885714286
1.804 0.12 0.397714285714
1.805 0.32 0.401371428571
1.806 0.28 0.4032
1.807 0.0 0.405028571429
1.808 0.28 0.407771428571
1.809 0.0 0.4096
1.81 0.0 0.411428571429
1.811 0.0 0.410514285714
1.812 0.12 0.407771428571
1.813 0.24 0.418742857143
1.814 0.24 0.416
1.815 0.24 0.412342857143
1.816 -0.04 0.411428571429
1.817 0.28 0.410514285714
1.818 0.04 0.411428571429
1.819 0.0 0.414171428571
1.82 -0.04 0.416
1.821 0.12 0.418742857143
1.822 0.28 0.417828571429
1.823 0.16 0.416914285714
1.824 0.12 0.417828571429
1.825 0.08 0.416914285714
1.826 0.28 0.417828571429
1.827 0.28 0.417828571429
1.828 0.16 0.415085714286
1.829 0.08 0.411428571429
1.83 -0.04 0.407771428571
1.831 0.0 0.402285714286
1.832 0.16 0.402285714286
1.833 0.28 0.4032
1.834 0.16 0.4032
1.835 -0.08 0.405028571429
1.836 -0.04 0.407771428571
1.837 0.04 0.408685714286
1.838 0.28 0.410514285714
1.839 0.12 0.401371428571
1.84 0.0 0.402285714286
1.841 0.24 0.405028571429
1.842 0.24 0.405028571429
1.843 0.24 0.404114285714
1.844 0.28 0.404114285714
1.845 0.16 0.402285714286
1.846 0.12 0.399542857143
1.847 0.16 0.3968
1.848 0.12 0.394057142857
1.849 0.2 0.394057142857
1.85 0.2 0.394971428571
1.851 0.16 0.394971428571
1.852 -0.04 0.398628571429
1.853 0.12 0.398628571429
1.854 -0.04 0.400457142857
1.855 0.12 0.4032
1.856 0.16 0.402285714286
1.857 0.28 0.4032
1.858 -0.04 0.405028571429
1.859 0.24 0.405028571429
1.86 0.24 0.415085714286
1.861 0.28 0.412342857143
1.862 0.2 0.4096
1.863 0.08 0.407771428571
1.864 0.0 0.407771428571
1.865 -0.08 0.406857142857
1.866 0.04 0.406857142857
1.867 0.24 0.408685714286
1.868 -0.04 0.410514285714
1.869 0.28 0.413257142857
1.87 0.28 0.415085714286
1.871 0.24 0.408685714286
1.872 0.16 0.407771428571
1.873 0.0 0.4032
1.874 0.08 0.3968
1.875 0.24 0.384
1.876 0.16 0.366628571429
1.877 0.08 0.349257142857
1.878 0.12 0.328228571429
1.879 0.28 0.3072
1.88 0.12 0.287085714286
1.881 0.0 0.266057142857
1.882 -0.04 0.246857142857
1.883 0.16 0.227657142857
1.884 0.24 0.209371428571
1.885 0.2 0.191085714286
1.886 0.2 0.171885714286
1.887 0.12 0.152685714286
1.888 0.36 0.1344
1.889 0.36 0.113371428571
1.89 0.12 0.0923428571429
1.891 0.92 0.0731428571429
1.892 0.56 0.0603428571429
1.893 0.56 0.0429714285714
1.894 0.72 0.0274285714286
1.895 0.8 0.0146285714286
1.896 0.56 0.0064
1.897 1.04 0.00274285714286
1.898 0.84 0.00182857142857
1.899 1.08 0.000914285714286
1.9 1.16 0.000914285714286
1.901 1.12 0.000914285714286
1.902 1.32 0.000914285714286
1.903 1.4 0.0
1.904 1.32 0.000914285714286
1.905 1.32 0.000914285714286
1.906 1.04 0.0
1.907 1.28 0.0
1.908 1.2 0.0
1.909 1.2 -0.000914285714286
1.91 1.2 -0.000914285714286
1.911 0.84 -0.000914285714286
1.912 1.16 -0.00182857142857
1.913 0.8 -0.00182857142857
1.914 0.84 -0.00182857142857
1.915 0.8 -0.00182857142857
1.916 1.04 -0.00182857142857
1.917 0.92 -0.00182857142857
1.918 0.68 -0.00182857142857
1.919 0.68 -0.00182857142857
1.92 0.88 -0.000914285714286
1.921 0.8 -0.000914285714286
1.922 0.8 -0.000914285714286
1.923 0.84 -0.000914285714286
1.924 0.8 -0.000914285714286
1.925 0.56 -0.00182857142857
1.926 0.56 -0.00182857142857
1.927 0.72 -0.000914285714286
1.928 0.84 -0.000914285714286
1.929 0.52 -0.000914285714286
1.93 0.52 -0.000914285714286
1.931 0.68 -0.000914285714286
1.932 0.8 -0.000914285714286
1.933 0.48 -0.000914285714286
1.934 0.64 0.0
1.935 0.76 0.0
1.936 0.68 0.0
1.937 0.36 0.0
1.938 0.68 0.0
1.939 0.64 0.0
1.94 0.36 0.0
1.941 0.64 0.0
1.942 0.6 0.0
1.943 0.6 0.0
1.944 0.64 0.0
1.945 0.32 0.000914285714286
1.946 0.56 0.000914285714286
1.947 0.52 0.000914285714286
1.948 0.56 0.000914285714286
1.949 0.36 0.000914285714286
1.95 0.44 0.000914285714286
1.951 0.44 0.000914285714286
1.952 0.56 0.000914285714286
1.953 0.56 0.000914285714286
1.954 0.44 0.000914285714286
1.955 0.2 0.0
1.956 0.32 -0.000914285714286
1.957 0.52 0.0
1.958 0.28 0.0
1.959 0.52 0.0
1.96 0.44 0.0
1.961 0.44 0.0
1.962 0.48 0.0
1.963 0.28 0.0
1.964 0.4 0.0
1.965 0.32 0.0
1.966 0.44 0.000914285714286
1.967 0.44 0.000914285714286
1.968 0.28 0.000914285714286
1.969 0.2 0.000914285714286
1.97 0.24 0.0
1.971 0.12 0.0
1.972 0.16 -0.000914285714286
1.973 0.32 -0.00182857142857
1.974 0.44 -0.000914285714286
1.975 0.12 -0.000914285714286
1.976 0.44 -0.000914285714286
1.977 0.44 0.0
1.978 0.4 -0.000914285714286
1.979 0.32 -0.000914285714286
1.98 0.44 0.0
1.981 0.36 0.0
1.982 0.36 -1.65211759617e-19
1.983 0.12 0.0
1.984 0.28 0.0
1.985 0.08 0.0
1.986 0.24 0.0
1.987 0.16 -0.000914285714286
1.988 0.08 -0.000914285714286
1.989 0.24 -0.00182857142857
1.99 0.36 -0.00182857142857
1.991 0.04 -0.000914285714286
1.992 0.36 -0.00182857142857
1.993 0.36 -0.000914285714286
1.994 0.36 -0.000914285714286
1.995 0.36 -0.00182857142857
1.996 0.0 -0.00182857142857
1.997 0.24 -0.00182857142857
1.998 0.28 -0.00182857142857
1.999 0.36 -0.00182857142857
2.0 0.0 -0.00182857142857
2.001 0.36 -0.00274285714286
2.002 0.32 -0.00274285714286
2.003 0.36 -0.00274285714286
2.004 0.28 -0.00274285714286
2.005 0.04 -0.00274285714286
2.006 0.28 -0.00274285714286
2.007 0.16 -0.00274285714286
2.008 0.32 -0.00182857142857
2.009 0.12 -0.00182857142857
2.01 0.12 -0.000914285714286
2.011 0.28 0.0
2.012 0.24 0.000914285714286
2.013 0.04 0.00182857142857
2.014 0.08 0.000914285714286
2.015 0.04 0.00182857142857
2.016 0.32 0.00274285714286
2.017 0.0 0.00274285714286
2.018 0.08 0.00182857142857
2.019 0.12 0.00182857142857
2.02 0.0 0.00182857142857
2.021 0.32 0.00182857142857
2.022 0.0 0.00182857142857
2.023 0.24 0.00182857142857
2.024 0.0 0.00182857142857
2.025 0.24 0.000914285714286
2.026 0.24 0.000914285714286
2.027 0.0 0.000914285714286
2.028 0.2 0.000914285714286
2.029 0.0 0.0
2.03 0.0 -0.000914285714286
2.031 0.32 -0.000914285714286
2.032 0.12 -0.00182857142857
2.033 0.28 -0.00274285714286
2.034 0.12 -0.00274285714286
2.035 0.2 -0.00182857142857
2.036 0.32 -0.00182857142857
2.037 0.04 -0.00274285714286
2.038 0.32 -0.00274285714286
2.039 -0.04 -0.00182857142857
2.04 0.28 -0.00182857142857
2.041 0.28 -0.00182857142857
2.042 0.24 -0.00182857142857
2.043 0.28 -0.00182857142857
2.044 0.08 -0.00182857142857
2.045 0.28 -0.00182857142857
2.046 0.0 -0.000914285714286
2.047 0.12 -0.000914285714286
2.048 -0.04 -0.000914285714286
2.049 0.28 -0.00182857142857
2.05 0.0 -0.00182857142857
2.051 -0.04 -0.000914285714286
2.052 -0.04 -0.000914285714286
2.053 0.24 0.0
2.054 0.12 0.0
2.055 0.24 0.0
2.056 0.04 0.0
2.057 0.24 0.0
2.058 0.16 0.0
2.059 0.12 0.0
2.06 0.28 0.0
2.061 0.16 0.000914285714286
2.062 0.2 0.0
2.063 0.0 0.0
2.064 0.2 0.0
2.065 -0.04 0.0
2.066 0.28 0.0
2.067 0.0 0.0
2.068 -0.04 0.0
2.069 0.0 0.000914285714286
2.07 0.24 0.00274285714286
2.071 0.2 0.00274285714286
2.072 0.16 0.00274285714286
2.073 0.2 0.00274285714286
2.074 0.24 0.00274285714286
2.075 0.08 0.00274285714286
2.076 0.12 0.00274285714286
2.077 0.24 0.00274285714286
2.078 0.08 0.00274285714286
2.079 0.24 0.00274285714286
2.08 0.0 0.00274285714286
2.081 0.48 0.00274285714286
2.082 0.96 0.00274285714286
2.083 0.92 0.00365714285714
2.084 1.96 0.00365714285714
2.085 2.0 0.00365714285714
2.086 1.84 0.00365714285714
2.087 1.8 0.00365714285714
2.088 2.0 0.00365714285714
2.089 2.0 0.00365714285714
2.09 1.72 0.00274285714286
2.091 1.84 0.00182857142857
2.092 1.52 0.00182857142857
2.093 1.6 0.000914285714286
2.094 1.76 0.000914285714286
2.095 1.52 0.0
2.096 1.52 0.0
2.097 1.64 0.0
2.098 1.52 0.0
2.099 1.52 0.0
2.1 1.52 0.0
2.101 1.16 0.0
2.102 1.44 0.0
2.103 1.32 -0.000914285714286
2.104 1.2 0.0
2.105 1.2 0.000914285714286
2.106 1.04 0.00182857142857
2.107 1.0 0.00365714285714
2.108 1.16 0.0064
2.109 1.2 0.0100571428571
2.11 1.04 0.0155428571429
2.111 1.04 0.0219428571429
2.112 1.0 0.0301714285714
2.113 1.04 0.0393142857143
2.114 1.2 0.0521142857143
2.115 1.04 0.064
2.116 0.8 0.0786285714286
2.117 0.92 0.0932571428571
2.118 1.12 0.112457142857
2.119 0.8 0.130742857143
2.12 1.04 0.149942857143
2.121 1.0 0.168228571429
2.122 1.0 0.188342857143
2.123 0.76 0.208457142857
2.124 0.8 0.228571428571
2.125 0.88 0.245942857143
2.126 0.88 0.266057142857
2.127 0.84 0.284342857143
2.128 0.56 0.301714285714
2.129 0.56 0.317257142857
2.13 0.84 0.333714285714
2.131 0.88 0.346514285714
2.132 0.68 0.360228571429
2.133 0.56 0.3712
2.134 0.68 0.381257142857
2.135 0.8 0.387657142857
2.136 0.64 0.395885714286
2.137 0.52 0.402285714286
2.138 0.56 0.406857142857
2.139 0.72 0.407771428571
2.14 0.68 0.411428571429
2.141 0.72 0.412342857143
2.142 0.4 0.415085714286
2.143 0.64 0.416
2.144 0.36 0.415085714286
2.145 0.6 0.413257142857
2.146 0.6 0.413257142857
2.147 0.48 0.4096
2.148 0.44 0.407771428571
2.149 0.4 0.407771428571
2.15 0.56 0.408685714286
2.151 0.52 0.407771428571
2.152 0.24 0.411428571429
2.153 0.56 0.413257142857
2.154 0.28 0.415085714286
2.155 0.36 0.416914285714
2.156 0.56 0.406857142857
2.157 0.44 0.407771428571
2.158 0.4 0.406857142857
2.159 0.52 0.406857142857
2.16 0.44 0.405942857143
2.161 0.4 0.402285714286
2.162 0.2 0.400457142857
2.163 0.44 0.398628571429
2.164 0.24 0.395885714286
2.165 0.4 0.394971428571
2.166 0.4 0.395885714286
2.167 0.48 0.395885714286
2.168 0.48 0.399542857143
2.169 0.44 0.4032
2.17 0.12 0.4032
2.171 0.44 0.405028571429
2.172 0.28 0.406857142857
2.173 0.4 0.405942857143
2.174 0.44 0.405942857143
2.175 0.32 0.405028571429
2.176 0.36 0.402285714286
2.177 0.4 0.413257142857
2.178 0.08 0.408685714286
2.179 0.36 0.407771428571
2.18 0.12 0.405942857143
2.181 0.44 0.404114285714
2.182 0.28 0.405028571429
2.183 0.4 0.405942857143
2.184 0.2 0.406857142857
2.185 0.2 0.4096
2.186 0.32 0.4096
2.187 0.32 0.413257142857
2.188 0.32 0.416
2.189 0.36 0.416914285714
2.19 0.28 0.415085714286
2.191 0.04 0.418742857143
2.192 0.04 0.416914285714
2.193 0.08 0.414171428571
2.194 0.32 0.411428571429
2.195 0.12 0.406857142857
2.196 0.36 0.407771428571
2.197 0.36 0.406857142857
2.198 0.28 0.405942857143
2.199 0.2 0.406857142857
2.2 0.08 0.406857142857
2.201 0.24 0.407771428571
2.202 0.08 0.408685714286
2.203 0.12 0.408685714286
2.204 0.32 0.412342857143
2.205 0.2 0.413257142857
2.206 0.24 0.413257142857
2.207 0.32 0.417828571429
2.208 0.24 0.416
2.209 0.28 0.414171428571
2.21 0.32 0.412342857143
2.211 0.0 0.411428571429
2.212 0.32 0.406857142857
2.213 0.28 0.406857142857
2.214 0.36 0.405942857143
2.215 0.24 0.405942857143
2.216 0.16 0.407771428571
2.217 0.0 0.407771428571
2.218 0.0 0.410514285714
2.219 0.04 0.414171428571
2.22 0.28 0.419657142857
2.221 0.0 0.419657142857
2.222 0.24 0.4224
2.223 0.08 0.424228571429
2.224 0.08 0.426057142857
2.225 0.24 0.423314285714
2.226 0.12 0.423314285714
2.227 0.08 0.421485714286
2.228 0.32 0.416914285714
2.229 0.2 0.412342857143
2.23 0.24 0.410514285714
2.231 0.2 0.408685714286
2.232 0.24 0.4096
2.233 0.24 0.4096
2.234 0.04 0.4096
2.235 0.04 0.413257142857
2.236 0.24 0.413257142857
2.237 0.12 0.415085714286
2.238 0.28 0.415085714286
2.239 0.0 0.415085714286
2.24 0.24 0.413257142857
2.241 0.28 0.410514285714
2.242 0.32 0.413257142857
2.243 0.28 0.411428571429
2.244 0.0 0.4096
2.245 0.28 0.405942857143
2.246 0.12 0.404114285714
2.247 0.08 0.399542857143
2.248 0.24 0.398628571429
2.249 0.0 0.398628571429
2.25 0.32 0.401371428571
2.251 0.24 0.4032
2.252 0.24 0.405028571429
2.253 0.24 0.405028571429
2.254 0.0 0.408685714286
2.255 0.24 0.408685714286
2.256 0.08 0.406857142857
2.257 0.24 0.4096
2.258 0.28 0.408685714286
2.259 0.24 0.407771428571
2.26 0.32 0.407771428571
2.261 0.0 0.405942857143
2.262 0.32 0.404114285714
2.263 0.04 0.400457142857
2.264 0.16 0.398628571429
2.265 0.28 0.398628571429
2.266 -0.04 0.399542857143
2.267 0.24 0.398628571429
2.268 0.28 0.401371428571
2.269 0.2 0.4032
2.27 -0.08 0.405942857143
2.271 0.24 0.407771428571
2.272 -0.04 0.4096
2.273 0.24 0.4096
2.274 0.0 0.410514285714
2.275 0.0 0.408685714286
2.276 -0.08 0.4096
2.277 0.08 0.410514285714
2.278 0.28 0.408685714286
2.279 0.0 0.407771428571
2.28 0.24 0.405028571429
2.281 0.0 0.402285714286
2.282 0.24 0.4032
2.283 -0.04 0.404114285714
2.284 0.2 0.4032
2.285 0.2 0.405028571429
2.286 0.04 0.407771428571
2.287 0.12 0.408685714286
2.288 0.16 0.411428571429
2.289 0.12 0.411428571429
2.29 0.16 0.406857142857
2.291 0.24 0.3968
2.292 0.24 0.382171428571
2.293 0.24 0.362971428571
2.294 0.08 0.343771428571
2.295 0.12 0.323657142857
2.296 0.0 0.303542857143
2.297 0.12 0.283428571429
2.298 -0.04 0.263314285714
2.299 0.24 0.244114285714
2.3 0.0 0.224914285714
2.301 -0.04 0.207542857143
2.302 0.0 0.190171428571
2.303 0.04 0.170971428571
2.304 0.28 0.151771428571
2.305 0.0 0.1344
2.306 0.32 0.1152
2.307 0.08 0.0941714285714
2.308 0.44 0.0749714285714
2.309 0.24 0.0548571428571
2.31 0.32 0.0356571428571
2.311 0.36 0.0201142857143
2.312 0.44 0.00914285714286
2.313 0.52 0.00274285714286
2.314 0.32 0.000914285714286
2.315 1.0 0.0
2.316 0.96 0.0
2.317 1.44 0.0
2.318 1.28 0.0
2.319 1.08 0.0
2.32 1.16 0.0
2.321 1.04 0.0
2.322 1.12 0.0
2.323 1.08 0.0
2.324 1.28 -0.000914285714286
2.325 0.96 -0.00182857142857
2.326 1.2 -0.00182857142857
2.327 1.12 -0.00182857142857
2.328 1.08 -0.00182857142857
2.329 1.12 -0.00182857142857
2.33 1.12 -0.00182857142857
2.331 1.0 -0.00182857142857
2.332 0.88 -0.00182857142857
2.333 0.72 -0.00182857142857
2.334 0.92 -0.00182857142857
2.335 0.76 -0.00182857142857
2.336 0.96 -0.00182857142857
2.337 0.96 -0.00182857142857
2.338 0.92 -0.00182857142857
2.339 0.88 -0.00182857142857
2.34 0.8 -0.00182857142857
2.341 0.64 -0.00182857142857
2.342 0.84 -0.00182857142857
2.343 0.8 -0.00182857142857
2.344 0.72 -0.00182857142857
2.345 0.72 -0.000914285714286
2.346 0.8 0.0
2.347 0.52 0.0
2.348 0.44 0.0
2.349 0.48 0.0
2.35 0.68 0.0
2.351 0.6 -0.000914285714286
2.352 0.68 -0.000914285714286
2.353 0.56 -0.000914285714286
2.354 0.52 -0.000914285714286
2.355 0.68 -0.000914285714286
2.356 0.68 -0.000914285714286
2.357 0.68 -0.000914285714286
2.358 0.32 -0.000914285714286
2.359 0.6 0.00274285714286
2.36 0.44 0.00274285714286
2.361 0.32 0.00365714285714
2.362 0.44 0.00365714285714
2.363 0.56 0.00365714285714
2.364 0.52 0.00365714285714
2.365 0.48 0.00274285714286
2.366 0.52 0.00274285714286
2.367 0.48 0.00274285714286
2.368 0.4 0.00274285714286
2.369 0.24 0.00274285714286
2.37 0.28 0.00274285714286
2.371 0.24 0.00274285714286
2.372 0.32 0.00457142857143
2.373 0.36 0.00457142857143
2.374 0.52 0.00457142857143
2.375 0.2 0.00548571428571
2.376 0.48 0.0064
2.377 0.52 0.0064
2.378 0.52 0.0064
2.379 0.36 0.0064
2.38 0.2 0.00274285714286
2.381 0.44 0.00274285714286
2.382 0.44 0.00274285714286
2.383 0.36 0.00274285714286
2.384 0.4 0.00274285714286
2.385 0.12 0.00365714285714
2.386 0.16 0.00457142857143
2.387 0.12 0.00457142857143
2.388 0.36 0.00548571428571
2.389 0.4 0.00548571428571
2.39 0.08 0.00548571428571
2.391 0.4 0.00548571428571
2.392 0.28 0.00548571428571
2.393 0.12 0.00457142857143
2.394 0.24 0.00457142857143
2.395 0.4 0.00365714285714
2.396 0.08 0.00274285714286
2.397 0.08 0.00182857142857
2.398 0.12 0.00182857142857
2.399 0.36 0.00182857142857
2.4 0.04 0.00182857142857
2.401 0.32 0.00182857142857
2.402 0.4 0.00182857142857
2.403 0.24 0.00182857142857
2.404 0.08 0.00182857142857
2.405 0.36 0.00182857142857
2.406 0.04 0.000914285714286
2.407 0.36 0.000914285714286
2.408 0.16 0.000914285714286
2.409 0.08 0.0
2.41 0.16 0.0
2.411 0.36 0.0
2.412 0.0 0.0
2.413 0.36 -0.000914285714286
2.414 0.04 -0.000914285714286
2.415 0.28 -0.000914285714286
2.416 0.12 0.0
2.417 0.32 0.0
2.418 0.32 0.0
2.419 0.2 0.000914285714286
2.42 0.08 0.00182857142857
2.421 0.24 0.00182857142857
2.422 0.32 0.00182857142857
2.423 0.0 0.00182857142857
2.424 0.2 0.00182857142857
2.425 0.28 0.000914285714286
2.426 0.04 0.000914285714286
2.427 0.16 0.000914285714286
2.428 0.24 0.00182857142857
2.429 0.36 0.00182857142857
2.43 0.12 0.00182857142857
2.431 0.04 0.000914285714286
2.432 0.28 0.00182857142857
2.433 0.32 0.00182857142857
2.434 0.32 0.00274285714286
2.435 0.28 0.00274285714286
2.436 0.0 0.00274285714286
2.437 0.28 0.00274285714286
2.438 0.24 0.00274285714286
2.439 0.2 0.00182857142857
2.44 -0.04 0.000914285714286
2.441 -0.04 0.0
2.442 0.08 0.0
2.443 0.32 0.0
2.444 0.04 0.0
2.445 0.2 -0.000914285714286
2.446 0.24 0.0
2.447 0.04 0.0
2.448 0.2 0.0
2.449 0.28 -0.000914285714286
2.45 0.2 -0.000914285714286
2.451 0.28 -0.000914285714286
2.452 0.28 0.000914285714286
2.453 0.08 0.0
2.454 0.08 0.0
2.455 0.24 0.0
2.456 0.28 0.0
2.457 0.16 0.000914285714286
2.458 0.16 0.000914285714286
2.459 0.28 0.000914285714286
2.46 0.12 0.00182857142857
2.461 0.24 0.00182857142857
2.462 0.08 0.00182857142857
2.463 0.0 0.00182857142857
2.464 0.04 0.00182857142857
2.465 0.24 0.00182857142857
2.466 0.08 0.00182857142857
2.467 -0.04 0.00182857142857
2.468 0.12 0.00274285714286
2.469 0.28 0.00274285714286
2.47 0.0 0.00274285714286
2.471 0.04 0.00274285714286
2.472 0.24 0.00274285714286
2.473 0.28 0.00182857142857
2.474 0.24 0.000914285714286
2.475 0.28 0.000914285714286
2.476 0.12 0.000914285714286
2.477 0.2 0.000914285714286
2.478 -0.04 0.0
2.479 0.2 0.0
2.48 0.24 0.0
2.481 0.12 0.0
2.482 0.28 0.0
2.483 0.28 0.000914285714286
2.484 0.28 0.000914285714286
2.485 0.0 0.000914285714286
2.486 0.28 0.000914285714286
2.487 0.08 0.00182857142857
2.488 0.0 0.00182857142857
2.489 -0.04 0.000914285714286
2.49 -0.04 0.00096
2.491 -0.04 0.00101052631579
2.492 0.2 0.00106666666667
2.493 0.12 0.00112941176471
2.494 0.28 0.0012
2.495 0.24 0.00256
2.496 0.28 0.00274285714286
2.497 -0.04 0.00295384615385
2.498 0.68 0.0032
2.499 1.0 0.00349090909091
